(20, 62); (28, 25)
(28, 25); (56, 72)
(56, 72); (20, 62)
(22, 10); (28, 25)
(28, 25); (23, 28)
(23, 28); (22, 10)
(18, 5); (66, 12)
(66, 12); (22, 10)
(22, 10); (18, 5)
(18, 5); (23, 28)
(23, 28); (3, 58)
(3, 58); (18, 5)
(107, 0); (18, 5)
(98, 50); (72, 34)
(72, 34); (76, 23)
(76, 23); (98, 50)
(91, 70); (98, 50)
(98, 50); (112, 64)
(112, 64); (91, 70)
(66, 12); (60, 24)
(60, 24); (22, 10)
(72, 34); (63, 21)
(63, 21); (76, 23)
(91, 70); (56, 72)
(56, 72); (77, 54)
(77, 54); (91, 70)
(111, 4); (107, 0)
(107, 0); (66, 12)
(56, 72); (72, 34)
(72, 34); (77, 54)
(60, 24); (28, 25)
(76, 23); (111, 24)
(111, 24); (98, 50)
(66, 12); (63, 21)
(63, 21); (60, 24)
(20, 62); (23, 28)
(60, 24); (56, 72)
(20, 62); (3, 58)
(3, 58); (12, 90)
(60, 24); (72, 34)
(20, 62); (14, 71)
(14, 71); (3, 58)
(20, 62); (22, 95)
(22, 95); (14, 71)
(14, 71); (12, 90)
(22, 95); (54, 117)
(54, 117); (32, 116)
(32, 116); (22, 95)
(22, 95); (12, 90)
(56, 72); (54, 117)
(22, 95); (56, 72)
(12, 90); (32, 116)
(75, 105); (91, 70)
(91, 70); (95, 90)
(95, 90); (75, 105)
(112, 64); (95, 90)
(75, 105); (56, 72)
(75, 105); (82, 111)
(82, 111); (54, 117)
(54, 117); (75, 105)
(95, 90); (82, 111)
(82, 111); (107, 99)
(95, 90); (107, 99)
(107, 99); (116, 65)
(95, 90); (116, 65)
(98, 50); (119, 33)
(119, 33); (112, 64)
(112, 64); (116, 65)
(116, 65); (119, 33)
(77, 54); (98, 50)
(66, 12); (76, 23)
(107, 0); (76, 23)
(111, 24); (119, 33)
(107, 0); (111, 24)
(111, 4); (111, 24)
(119, 33); (111, 4)
