(0, 80); (11, 53)
(11, 53); (8, 69)
(8, 69); (0, 80)
(10, 1); (113, 2)
(113, 2); (74, 13)
(74, 13); (10, 1)
(46, 119); (90, 117)
(0, 80); (46, 119)
(10, 1); (2, 28)
(24, 20); (33, 23)
(33, 23); (28, 43)
(28, 43); (24, 20)
(34, 63); (28, 43)
(28, 43); (65, 55)
(65, 55); (34, 63)
(90, 117); (119, 113)
(91, 113); (90, 117)
(46, 119); (91, 113)
(115, 16); (119, 113)
(119, 113); (118, 97)
(118, 97); (115, 16)
(28, 43); (46, 20)
(46, 20); (65, 55)
(115, 16); (113, 2)
(24, 20); (10, 1)
(10, 1); (46, 20)
(46, 20); (24, 20)
(24, 20); (2, 28)
(43, 75); (34, 63)
(65, 55); (43, 75)
(46, 20); (33, 23)
(81, 23); (46, 20)
(74, 13); (81, 23)
(28, 43); (2, 28)
(28, 43); (11, 53)
(11, 53); (2, 28)
(34, 63); (11, 53)
(34, 63); (8, 69)
(38, 96); (72, 82)
(72, 82); (46, 119)
(46, 119); (38, 96)
(34, 63); (19, 90)
(19, 90); (8, 69)
(0, 80); (19, 90)
(19, 90); (46, 119)
(0, 80); (2, 28)
(19, 90); (38, 96)
(43, 75); (19, 90)
(43, 75); (70, 69)
(70, 69); (72, 82)
(72, 82); (43, 75)
(43, 75); (38, 96)
(81, 23); (65, 55)
(65, 55); (70, 69)
(65, 55); (89, 80)
(89, 80); (70, 69)
(89, 80); (72, 82)
(72, 82); (91, 113)
(91, 113); (119, 113)
(89, 80); (81, 23)
(81, 23); (109, 17)
(109, 17); (89, 80)
(91, 113); (89, 80)
(89, 80); (118, 97)
(118, 97); (91, 113)
(89, 80); (115, 16)
(113, 2); (83, 14)
(83, 14); (74, 13)
(109, 17); (83, 14)
(83, 14); (110, 10)
(110, 10); (109, 17)
(109, 17); (115, 16)
(82, 22); (83, 14)
(109, 17); (82, 22)
(81, 23); (82, 22)
(82, 22); (74, 13)
(74, 13); (46, 20)
(110, 10); (115, 16)
(110, 10); (113, 2)
