
 S-Netz zu Lauf: 1


 S-Netz zu Lauf: 2


 S-Netz zu Lauf: 3


 S-Netz zu Lauf: 4

(80, 65); (94, 52)

 S-Netz zu Lauf: 5

(33, 40); (42, 32)
(61, 68); (80, 65)

 S-Netz zu Lauf: 6

(12, 44); (33, 40)
(5, 110); (10, 117)
(61, 68); (80, 65)
(118, 105); (112, 85)
(28, 3); (38, 13)

 S-Netz zu Lauf: 7

(5, 110); (10, 117)
(110, 72); (94, 52)
(12, 44); (33, 40)
(28, 3); (38, 13)
(79, 76); (87, 78)

 S-Netz zu Lauf: 8

(5, 110); (10, 117)
(33, 40); (42, 32)
(38, 13); (28, 3)
(4, 33); (2, 45)
(118, 105); (112, 85)
(75, 86); (79, 76)

 S-Netz zu Lauf: 9

(2, 45); (12, 44)
(33, 40); (42, 32)
(29, 0); (28, 3)
(110, 72); (112, 85)
(94, 52); (116, 31)
(28, 102); (30, 82)
