
 S-Netz zu Lauf: 1


 S-Netz zu Lauf: 2


 S-Netz zu Lauf: 3


 S-Netz zu Lauf: 4

(33, 40); (42, 32)
(61, 68); (80, 65)

 S-Netz zu Lauf: 5

(12, 44); (33, 40)
(5, 110); (10, 117)
(61, 68); (80, 65)
(96, 115); (98, 104)
(28, 3); (38, 13)

 S-Netz zu Lauf: 6

(5, 110); (10, 117)
(77, 33); (94, 52)
(12, 44); (33, 40)
(28, 3); (38, 13)
(98, 104); (118, 105)
(79, 76); (75, 86)

 S-Netz zu Lauf: 7

(5, 110); (10, 117)
(33, 40); (42, 32)
(28, 3); (29, 0)
(94, 52); (116, 31)
(2, 45); (4, 33)
(118, 105); (98, 104)
(80, 65); (79, 76)
