
 S-Netz zu Lauf: 1


 S-Netz zu Lauf: 2

(28, 3); (29, 0)
(79, 76); (80, 65)

 S-Netz zu Lauf: 3

(28, 3); (29, 0)
(61, 68); (80, 65)

 S-Netz zu Lauf: 4

(12, 44); (33, 40)
(5, 110); (10, 117)
(61, 68); (80, 65)
(96, 115); (98, 104)
(28, 3); (38, 13)

 S-Netz zu Lauf: 5

(5, 110); (10, 117)
(61, 68); (80, 65)
(110, 72); (94, 52)
(80, 65); (61, 68)
(12, 44); (33, 40)
(28, 3); (38, 13)
(112, 85); (118, 105)

 S-Netz zu Lauf: 6

(5, 110); (10, 117)
(61, 68); (80, 65)
(28, 3); (38, 13)
(33, 40); (42, 32)
(99, 10); (77, 33)
(118, 105); (112, 85)
(110, 72); (112, 85)
(4, 33); (2, 45)
