(29, 0); (4, 33)
(29, 0); (38, 13)
(38, 13); (28, 3)
(28, 3); (29, 0)
(94, 52); (116, 31)
(116, 31); (110, 72)
(110, 72); (94, 52)
(99, 10); (116, 31)
(116, 31); (77, 33)
(77, 33); (99, 10)
(38, 13); (4, 33)
(4, 33); (28, 3)
(94, 52); (77, 33)
(49, 13); (42, 32)
(42, 32); (38, 13)
(38, 13); (49, 13)
(5, 110); (10, 117)
(87, 78); (110, 72)
(110, 72); (112, 85)
(112, 85); (87, 78)
(117, 16); (118, 105)
(118, 105); (116, 31)
(116, 31); (117, 16)
(49, 13); (77, 33)
(77, 33); (42, 32)
(29, 0); (49, 13)
(99, 10); (29, 0)
(99, 10); (49, 13)
(42, 32); (33, 40)
(33, 40); (38, 13)
(2, 45); (5, 110)
(33, 40); (12, 44)
(12, 44); (4, 33)
(4, 33); (33, 40)
(77, 33); (61, 68)
(61, 68); (42, 32)
(44, 86); (40, 119)
(40, 119); (28, 102)
(28, 102); (44, 86)
(4, 33); (2, 45)
(12, 44); (2, 45)
(33, 40); (30, 82)
(30, 82); (12, 44)
(30, 82); (2, 45)
(87, 78); (98, 104)
(98, 104); (75, 86)
(75, 86); (87, 78)
(40, 119); (10, 117)
(10, 117); (28, 102)
(5, 110); (28, 102)
(40, 119); (96, 115)
(30, 82); (5, 110)
(75, 86); (40, 119)
(44, 86); (75, 86)
(30, 82); (28, 102)
(80, 65); (79, 76)
(79, 76); (61, 68)
(61, 68); (80, 65)
(80, 65); (87, 78)
(87, 78); (79, 76)
(44, 86); (61, 68)
(61, 68); (75, 86)
(112, 85); (98, 104)
(75, 86); (79, 76)
(30, 82); (44, 86)
(33, 40); (61, 68)
(61, 68); (30, 82)
(75, 86); (96, 115)
(96, 115); (118, 105)
(98, 104); (118, 105)
(96, 115); (98, 104)
(116, 31); (112, 85)
(112, 85); (118, 105)
(87, 78); (94, 52)
(77, 33); (80, 65)
(80, 65); (94, 52)
(99, 10); (117, 16)
