
 S-Netz zu Lauf: 1

(2, 45); (12, 44)
(33, 40); (42, 32)
(38, 13); (49, 13)
(38, 13); (28, 3)
(29, 0); (28, 3)
(38, 13); (42, 32)
(33, 40); (12, 44)
(2, 45); (4, 33)
(5, 110); (10, 117)
(28, 102); (40, 119)
(28, 102); (30, 82)
(44, 86); (61, 68)
(80, 65); (79, 76)
(75, 86); (79, 76)
(87, 78); (110, 72)
(112, 85); (118, 105)
(98, 104); (96, 115)
(98, 104); (118, 105)
(112, 85); (110, 72)
(94, 52); (116, 31)
(117, 16); (99, 10)
(77, 33); (94, 52)
(80, 65); (61, 68)
(44, 86); (30, 82)
(28, 102); (10, 117)
(77, 33); (99, 10)
(116, 31); (94, 52)
(79, 76); (80, 65)
(110, 72); (87, 78)

 S-Netz zu Lauf: 2

(2, 45); (12, 44)
(28, 102); (10, 117)
(5, 110); (10, 117)
(28, 102); (40, 119)
(28, 102); (30, 82)
(44, 86); (61, 68)
(80, 65); (79, 76)
(75, 86); (79, 76)
(87, 78); (110, 72)
(112, 85); (118, 105)
(98, 104); (96, 115)
(98, 104); (118, 105)
(112, 85); (110, 72)
(94, 52); (116, 31)
(117, 16); (99, 10)
(77, 33); (49, 13)
(38, 13); (28, 3)
(29, 0); (28, 3)
(38, 13); (42, 32)
(33, 40); (12, 44)
(2, 45); (4, 33)
(12, 44); (33, 40)
(44, 86); (30, 82)
(33, 40); (42, 32)
(38, 13); (49, 13)
(77, 33); (94, 52)
(80, 65); (61, 68)
(77, 33); (99, 10)
(116, 31); (94, 52)
(79, 76); (80, 65)
(110, 72); (87, 78)
