
 S-Netz zu Lauf: 1

(3, 58); (14, 71)
(12, 90); (22, 95)
(32, 116); (54, 117)
(75, 105); (82, 111)
(95, 90); (107, 99)
(95, 90); (91, 70)
(98, 50); (112, 64)
(116, 65); (112, 64)
(98, 50); (119, 33)
(111, 24); (111, 4)
(107, 0); (111, 4)
(111, 24); (119, 33)
(98, 50); (91, 70)
(77, 54); (72, 34)
(76, 23); (63, 21)
(66, 12); (63, 21)
(60, 24); (28, 25)
(22, 10); (18, 5)
(22, 10); (28, 25)
(23, 28); (28, 25)
(60, 24); (72, 34)
(77, 54); (56, 72)
(77, 54); (91, 70)
(95, 90); (82, 111)
(75, 105); (54, 117)
(32, 116); (22, 95)
(12, 90); (14, 71)
(20, 62); (14, 71)
(60, 24); (63, 21)
(76, 23); (72, 34)

 S-Netz zu Lauf: 2

(3, 58); (14, 71)
(22, 95); (32, 116)
(54, 117); (75, 105)
(82, 111); (95, 90)
(107, 99); (95, 90)
(91, 70); (98, 50)
(112, 64); (116, 65)
(112, 64); (98, 50)
(119, 33); (111, 24)
(111, 4); (107, 0)
(111, 4); (111, 24)
(119, 33); (98, 50)
(91, 70); (77, 54)
(72, 34); (76, 23)
(63, 21); (66, 12)
(63, 21); (60, 24)
(28, 25); (22, 10)
(18, 5); (22, 10)
(28, 25); (23, 28)
(20, 62); (14, 71)
(12, 90); (14, 71)
(20, 62); (56, 72)
(75, 105); (54, 117)
(32, 116); (22, 95)
(20, 62); (23, 28)
(60, 24); (72, 34)
(77, 54); (56, 72)
(56, 72); (77, 54)
(91, 70); (95, 90)
(82, 111); (75, 105)
(60, 24); (63, 21)
(76, 23); (72, 34)
