
 S-Netz zu Lauf: 1

(75, 86); (79, 76)

 S-Netz zu Lauf: 2

(28, 3); (29, 0)
(75, 86); (79, 76)

 S-Netz zu Lauf: 3

(28, 3); (29, 0)
(33, 40); (42, 32)
(28, 102); (30, 82)
(61, 68); (80, 65)
(87, 78); (79, 76)

 S-Netz zu Lauf: 4

(12, 44); (33, 40)
(28, 3); (29, 0)
(33, 40); (12, 44)
(5, 110); (10, 117)
(44, 86); (61, 68)
(110, 72); (94, 52)
(61, 68); (44, 86)
(94, 52); (110, 72)
(98, 104); (96, 115)
(79, 76); (87, 78)

 S-Netz zu Lauf: 5

(5, 110); (10, 117)
(44, 86); (61, 68)
(116, 31); (117, 16)
(38, 13); (28, 3)
(12, 44); (33, 40)
(33, 40); (42, 32)
(77, 33); (99, 10)
(94, 52); (110, 72)
(87, 78); (110, 72)
(98, 104); (118, 105)
(42, 32); (33, 40)
(2, 45); (12, 44)
