(28, 3); (29, 0)
(79, 76); (87, 78)
(5, 110); (10, 117)
(2, 45); (12, 44)
(75, 86); (79, 76)
(38, 13); (49, 13)
(79, 76); (80, 65)
(96, 115); (98, 104)
(33, 40); (42, 32)
(2, 45); (4, 33)
(110, 72); (112, 85)
(28, 3); (38, 13)
(30, 82); (44, 86)
(116, 31); (117, 16)
(99, 10); (117, 16)
(80, 65); (94, 52)
(61, 68); (80, 65)
(38, 13); (42, 32)
(98, 104); (118, 105)
(28, 102); (30, 82)
(28, 102); (40, 119)
(112, 85); (118, 105)
(12, 44); (33, 40)
(10, 117); (28, 102)
(87, 78); (110, 72)
(44, 86); (61, 68)
(77, 33); (94, 52)
(94, 52); (110, 72)
(94, 52); (116, 31)
(77, 33); (99, 10)
(49, 13); (77, 33)
(33, 40); (61, 68)
(12, 44); (30, 82)
