
 S-Netz zu Lauf: 1

(109, 17); (115, 16)

 S-Netz zu Lauf: 2

(74, 13); (83, 14)
(109, 17); (115, 16)

 S-Netz zu Lauf: 3

(0, 80); (8, 69)
(72, 82); (89, 80)
(74, 13); (83, 14)
(109, 17); (115, 16)

 S-Netz zu Lauf: 4

(0, 80); (8, 69)
(0, 80); (19, 90)
(33, 23); (46, 20)
(2, 28); (24, 20)
(72, 82); (89, 80)
(74, 13); (83, 14)
(109, 17); (115, 16)

 S-Netz zu Lauf: 5

(0, 80); (8, 69)
(0, 80); (19, 90)
(72, 82); (89, 80)
(90, 117); (91, 113)
(34, 63); (28, 43)
(24, 20); (10, 1)
(81, 23); (82, 22)
(113, 2); (110, 10)

 S-Netz zu Lauf: 6

(0, 80); (8, 69)
(0, 80); (19, 90)
(81, 23); (82, 22)
(113, 2); (110, 10)
(24, 20); (10, 1)
(81, 23); (65, 55)
(72, 82); (89, 80)
(118, 97); (119, 113)
