
 S-Netz zu Lauf: 1

(0, 80); (8, 69)
(11, 53); (28, 43)
(34, 63); (43, 75)
(38, 96); (19, 90)
(0, 80); (19, 90)
(46, 119); (38, 96)
(43, 75); (70, 69)
(72, 82); (89, 80)
(72, 82); (70, 69)
(65, 55); (70, 69)
(43, 75); (34, 63)
(28, 43); (33, 23)
(46, 20); (74, 13)
(83, 14); (82, 22)
(81, 23); (82, 22)
(83, 14); (109, 17)
(115, 16); (109, 17)
(110, 10); (113, 2)
(110, 10); (109, 17)
(83, 14); (74, 13)
(46, 20); (33, 23)
(24, 20); (10, 1)
(24, 20); (2, 28)
(11, 53); (8, 69)
(2, 28); (24, 20)
(28, 43); (11, 53)
(90, 117); (91, 113)
(119, 113); (118, 97)
(119, 113); (91, 113)

 S-Netz zu Lauf: 2

(0, 80); (8, 69)
(11, 53); (28, 43)
(34, 63); (43, 75)
(38, 96); (19, 90)
(0, 80); (19, 90)
(90, 117); (91, 113)
(119, 113); (118, 97)
(119, 113); (91, 113)
(89, 80); (72, 82)
(70, 69); (65, 55)
(81, 23); (82, 22)
(83, 14); (109, 17)
(115, 16); (109, 17)
(110, 10); (113, 2)
(110, 10); (109, 17)
(83, 14); (74, 13)
(46, 20); (33, 23)
(24, 20); (10, 1)
(24, 20); (2, 28)
(11, 53); (8, 69)
(2, 28); (24, 20)
(28, 43); (11, 53)
(28, 43); (33, 23)
(74, 13); (83, 14)
(82, 22); (81, 23)
(65, 55); (70, 69)
(43, 75); (34, 63)
(38, 96); (43, 75)
(70, 69); (72, 82)
(89, 80); (91, 113)
(90, 117); (46, 119)
(38, 96); (46, 119)
